[[ 2.17133778e-01 -6.24606285e+00 -4.06849560e+00  1.85738992e+00
   6.76894088e+00  3.71707519e+00  2.82727919e+00  6.27424931e+00
   9.45844169e+00  2.05317869e+00]
 [ 4.81778460e+00 -4.87875550e+00 -4.29542336e+00  8.98125373e+00
  -9.81505702e+00 -6.11993297e+00  5.83749689e+00 -3.76214206e+00
   5.90048465e+00  3.14826810e+00]
 [ 2.57691101e+00 -3.64578055e+00 -6.37563053e+00  5.11570351e+00
   1.00191244e+01  4.18190685e+00  1.46979030e+00  3.30263119e+00
   8.93796829e+00  4.48717449e-01]
 [-5.38868649e-01 -6.42239638e+00 -5.80614068e+00  1.98154246e+00
   7.23773018e+00  4.09278447e+00  2.98779267e-02  1.08962426e+00
   1.07688176e+01  1.64122289e+00]
 [ 1.53873874e+00 -6.03531537e+00 -4.40304233e+00  3.82903314e+00
   8.82498844e+00  3.40694064e+00  2.63974100e+00  4.04021584e+00
   8.92422955e+00  4.23552262e+00]
 [ 2.68907663e+00  2.23181715e+00 -2.69928726e-01 -7.17895720e+00
  -4.36422119e+00  6.61661356e+00  1.20368697e+00 -7.67419529e+00
   6.59587157e+00  5.32965927e+00]
 [-6.09981105e+00  6.59500498e+00  2.21412252e+00  9.11347969e+00
  -1.10060923e+01 -7.11975749e+00 -9.01858978e+00  8.05341221e+00
  -9.32438498e+00  7.06929195e+00]
 [ 1.26129130e+00  7.75095207e+00  2.95789534e+00 -8.42543021e+00
   8.33528305e+00 -1.90427060e+00 -1.75785903e-01 -3.14279689e+00
  -1.03316807e+01  6.15911924e+00]
 [ 1.73681177e+00  9.46645807e+00  3.61519123e+00 -5.79389991e+00
   8.54361589e+00 -2.59872561e+00 -1.80049330e+00 -5.58510549e+00
  -1.03920173e+01  5.33419249e+00]
 [ 3.11906967e+00  2.75289534e+00 -2.80783513e+00 -5.22500918e+00
  -2.71172996e+00  9.98212231e+00 -2.41349177e+00 -8.33759916e+00
   5.42415187e+00  7.57339699e+00]
 [ 4.39557297e-01  4.79676476e+00 -2.48535197e+00 -6.49685584e+00
  -6.59380228e-01  6.83880039e+00 -6.24049791e-01 -9.59957373e+00
   7.07786126e+00  8.21391183e+00]
 [-8.35993748e+00  1.27621963e+00  4.30840846e+00  7.56081013e+00
  -9.54643300e+00 -5.37462408e+00 -7.62307618e+00  6.61640884e+00
  -7.98662643e+00  4.74991189e+00]
 [ 2.12051711e+00  7.38494222e+00  4.15801993e+00 -6.30898086e+00
   7.70163154e+00  3.40858250e-02  1.42390983e+00 -2.49705226e+00
  -6.72263629e+00  7.05709660e+00]
 [ 4.93860796e+00  8.15700160e+00  3.57276688e+00 -8.68981337e+00
   6.51261673e+00 -2.43636611e+00  2.66609822e+00 -3.20955735e+00
  -1.06742057e+01  6.67035960e+00]
 [-5.04886826e+00  3.56991804e+00  2.93606905e-01  6.28843670e+00
  -9.72253607e+00 -5.65809903e+00 -8.67626390e+00  9.59652724e+00
  -4.95936162e+00  4.18992212e+00]
 [-1.04653603e+01  5.54730370e+00  1.48164477e+00  8.23897266e+00
  -9.36937580e+00 -5.29841590e+00 -7.51798979e+00  7.78152588e+00
  -7.97106979e+00  1.19357383e+01]
 [ 3.14227051e+00  8.27051105e+00  5.06798862e+00 -1.02245291e+01
   1.08285898e+01 -2.91377345e+00 -1.55590770e+00 -4.21823504e+00
  -6.54949050e+00  5.05035396e+00]
 [ 2.44537920e+00 -4.42659677e+00 -5.54963740e+00  3.25741605e+00
   7.09624727e+00  1.40328561e+00  2.14766188e+00  4.16325615e+00
   8.98483030e+00  4.20472872e+00]
 [ 3.91822515e+00  3.77156922e-01 -2.25657991e+00 -7.43088016e+00
  -3.09773663e+00  5.34107759e+00 -3.98799861e+00 -9.36826000e+00
   6.17962359e+00  6.36531111e+00]
 [ 3.41810133e+00 -7.87755155e+00 -4.05029121e+00  2.47305235e+00
   7.24309102e+00  3.28681155e+00  1.15485592e+00  4.94247084e+00
   8.55354363e+00  2.03402501e+00]
 [ 1.43813941e+00 -7.97725090e+00 -3.19211014e+00  3.74751903e+00
   9.04849863e+00  3.50847814e+00 -2.56684378e-01  4.03879416e+00
   8.51145119e+00  4.03778284e+00]
 [ 6.78658959e+00 -5.74720792e+00 -3.48422693e+00  8.83582472e+00
  -9.56058853e+00 -6.31067815e+00  5.25456266e+00 -6.07819511e+00
   5.69246808e+00  3.95355943e+00]
 [ 4.11664946e+00 -7.18538197e+00 -4.47517235e+00  8.80398075e+00
  -9.78110277e+00 -1.72475770e+00  4.74720181e+00 -4.37010245e+00
   5.91405070e+00 -1.01336021e+00]
 [ 4.36010636e+00  6.80926938e+00  3.82791612e+00 -8.13817936e+00
   7.52963846e+00  6.06209416e-01 -1.07802139e+00 -5.66021006e+00
  -1.01264543e+01  6.03111890e+00]
 [ 2.87172843e+00 -7.40090120e+00 -5.30583722e+00  1.78414367e+00
   5.93143685e+00  4.49539045e+00  6.98646163e-01  1.41983464e+00
   8.93211462e+00  2.83516536e+00]
 [ 4.19851199e+00  4.66919284e+00 -1.78122899e+00 -2.90467481e+00
  -5.23133100e+00  9.78826186e+00 -2.75713633e+00 -8.16619917e+00
   4.53420520e+00  5.38294779e+00]
 [ 2.79643838e+00  2.60075366e+00 -1.49240267e-01 -5.56217687e+00
  -1.50670527e+00  1.11578165e+01 -3.75068251e+00 -9.63310292e+00
   5.92924634e+00  6.21150339e+00]
 [ 4.33494489e+00 -5.31415837e+00 -4.80348668e+00  9.76444136e+00
  -8.95416380e+00 -4.14508483e+00  2.01025686e+00 -3.14726940e+00
   7.18977160e+00  2.59302076e+00]
 [ 3.52119364e+00  3.75484600e+00 -2.35523300e+00 -4.80404419e+00
  -2.34411089e+00  7.29664430e+00 -3.82406072e+00 -1.04593822e+01
   5.90849246e+00  4.49764820e+00]
 [ 7.35709993e+00 -6.85942713e+00 -2.99531476e+00  6.67071009e+00
  -7.50484234e+00 -1.06371897e+00  3.76824499e+00 -5.62778913e+00
   6.72370235e+00 -4.38694336e-01]
 [ 4.00976754e+00 -7.04406773e+00 -5.02360521e+00  2.91750350e+00
   1.04786669e+01  6.16465608e+00 -1.56159673e+00  1.49295103e+00
   1.05758693e+01  3.08113154e+00]
 [ 7.49378209e+00 -3.88478998e+00 -2.51786525e+00  7.96614502e+00
  -6.48400203e+00 -6.71749645e+00  5.09016133e+00 -5.79602038e+00
   5.69676149e+00  2.32493529e+00]
 [ 1.36426398e+00 -7.20058145e+00 -5.96631795e+00  5.25004819e+00
   9.18515627e+00  1.09491385e+00  1.94387783e+00  3.57309005e+00
   1.20829877e+01  1.83008057e+00]
 [ 1.22238890e-02  1.32255282e+00 -1.37492832e+00 -6.11626243e+00
  -3.38779602e+00  9.43572198e+00  4.47859576e-01 -7.40153999e+00
   6.43229086e+00  2.71838058e+00]
 [ 6.30760597e+00  1.00381859e+01  3.02268142e+00 -1.00787768e+01
   1.05089736e+01 -4.31610161e+00  7.40722350e-01 -6.15281541e+00
  -1.22542200e+01  1.04005538e+01]
 [ 5.34937911e+00 -5.14595287e+00 -4.43003186e+00  4.73463220e+00
  -9.16606315e+00 -9.10443140e-01  5.64746062e+00 -5.17817697e+00
   5.69706656e+00  3.76392212e+00]
 [ 4.07264090e+00  1.08718523e+01  4.56294616e+00 -7.12759482e+00
   9.55454969e+00 -3.35748690e+00  1.89396880e+00 -4.69150169e+00
  -9.45074129e+00  5.57556156e+00]
 [ 7.72493779e+00 -6.74876028e+00 -4.78545611e+00  6.76594828e+00
  -8.05333568e+00 -2.22221289e+00  4.87089314e+00 -6.61701575e+00
   6.88090033e+00  3.38770685e+00]
 [ 4.01314774e+00  3.55057137e+00  9.35562059e-01 -7.28855742e+00
  -1.79252610e+00  6.85027309e+00 -4.36166550e+00 -6.41622079e+00
   8.70804768e+00  6.67086231e+00]
 [ 1.73482161e+00  9.17301957e+00  2.23285300e+00 -9.03771933e+00
   8.87499246e+00 -8.35373440e-01  9.59564352e-01 -2.33300979e+00
  -1.02676238e+01  7.67540948e+00]
 [ 3.25920475e+00 -6.54602049e+00 -6.12315341e+00  4.53039914e+00
   1.03462642e+01  3.01196684e+00 -1.31373369e+00  6.19455367e+00
   8.31653570e+00  1.44897772e+00]
 [ 6.30604566e+00  7.70594351e+00  5.56076691e+00 -5.70170119e+00
   8.80348179e+00 -2.66684994e+00 -1.30209508e+00 -3.99031654e+00
  -8.87022864e+00  7.62670746e+00]
 [ 6.52462733e+00 -6.27730608e+00 -3.65836295e+00  2.13280660e+00
   7.24778637e+00  2.58244631e+00  1.24515684e+00  2.79000597e+00
   9.02797643e+00  3.29892074e+00]
 [ 3.61225069e+00 -9.52079768e+00 -5.94330473e+00  3.70944502e+00
   9.16106158e+00  5.46843605e+00  6.25010575e-01  3.37159036e+00
   1.15121150e+01  3.37172360e+00]
 [ 4.32626630e+00  5.01615673e+00  1.94112680e-01 -4.29397430e+00
  -2.68260361e+00  6.26482591e+00 -2.55671070e+00 -1.06814559e+01
   6.05814863e+00  5.81771176e+00]
 [ 4.92262872e+00  3.47947437e+00 -1.50769954e+00 -3.46754394e+00
  -7.16254218e-01  1.04461083e+01 -7.40953793e-01 -5.42397727e+00
   8.14665362e+00  7.08626153e+00]
 [ 9.80126279e+00 -2.89746284e+00 -6.33524774e-02  7.36130803e+00
  -7.66900811e+00 -5.28308077e+00  1.69187315e+00 -7.26687659e+00
   7.45549759e+00  3.44220024e+00]
 [ 6.47612047e-01  9.79925484e-01 -2.95066019e+00 -3.11165169e+00
   1.09208681e+00  8.23923303e+00 -3.38767328e+00 -1.04766013e+01
   5.89123250e+00  6.16721831e+00]
 [ 6.07682181e+00 -7.88916515e-01 -2.21272840e+00  6.51304907e+00
  -7.78180416e+00 -6.24588132e+00  4.41015812e+00 -5.51608863e+00
   4.22567420e+00 -9.92370590e-01]
 [ 8.21057182e+00 -5.65102248e+00 -5.17850882e+00  7.55648489e+00
  -7.44710134e+00 -1.45391945e-01  3.23155876e+00 -6.83905405e+00
   4.68016073e+00  1.30624084e+00]
 [-9.53857297e+00  4.34563672e+00  2.98495872e-01  6.87095936e+00
  -1.37237070e+01 -4.66767837e+00 -6.87316922e+00  1.02901415e+01
  -1.04270940e+01  5.70835750e+00]
 [ 7.18389463e+00 -4.17342719e+00 -4.32407392e+00  7.81732325e+00
  -7.31700922e+00 -3.47772666e+00  5.15148914e+00 -7.85337253e+00
   5.84192751e+00  3.62555221e+00]
 [-7.01841968e+00  6.01351154e+00  1.62018520e+00  8.67173918e+00
  -9.65498139e+00 -7.56765465e+00 -1.18968317e+01  1.14483800e+01
  -7.81733880e+00  8.31652060e+00]
 [-6.66953341e+00  1.86366698e+00  2.05521428e+00  6.58187954e+00
  -1.03267388e+01 -4.89973164e+00 -9.27705599e+00  1.18899969e+01
  -6.23952706e+00  4.78331428e+00]
 [ 2.98895068e+00  8.95761766e+00  6.12308553e+00 -9.30227216e+00
   1.10098119e+01 -2.36731730e-01  2.29987630e+00 -6.52118870e+00
  -1.26638274e+01  7.20775617e+00]
 [-8.50176645e+00  5.49866450e+00 -8.50842936e-01  8.92892409e+00
  -7.14128026e+00 -5.58461764e+00 -8.62828730e+00  9.08664551e+00
  -1.09141268e+01  4.92824195e+00]
 [ 5.76234616e+00  2.35185088e+00 -6.48511939e-01 -7.43121556e+00
   3.27259437e-01  8.90674221e+00 -2.62249157e+00 -6.43222665e+00
   5.35408849e+00  6.31823569e+00]
 [ 1.34849579e+00  8.35142741e+00  4.32642513e+00 -8.67209441e+00
   9.19774568e+00 -2.99056578e+00  2.84782189e+00 -4.68375257e+00
  -7.73677267e+00  7.29428802e+00]
 [ 4.07890955e+00  1.08599335e+01  6.08940914e+00 -1.12121357e+01
   5.80738253e+00 -2.60833624e+00  3.06907033e+00 -5.69096301e+00
  -1.02021425e+01  6.38114842e+00]
 [ 2.18830585e+00 -4.72008069e+00 -7.40539563e+00  1.85741672e+00
   4.95004864e+00  2.41736666e+00  1.26684376e+00  4.89013143e+00
   6.46934534e+00  3.02318294e+00]
 [-6.32314443e+00  5.91165046e+00  5.32547049e-01  1.13726014e+01
  -6.98224225e+00 -8.34956134e+00 -1.10022494e+01  9.97058922e+00
  -9.03377503e+00  7.47855830e+00]
 [ 7.40755212e+00 -2.94349264e+00 -3.65173098e+00  5.58955617e+00
  -6.65405292e+00 -1.20443789e+00  7.98326736e+00 -5.48900807e+00
   7.10079368e+00  1.76079501e+00]
 [ 1.70633545e+00  9.81644516e+00  6.84897265e+00 -7.29221723e+00
   9.61044640e+00 -1.39703442e+00  7.00796517e-02 -2.43743054e+00
  -1.00324504e+01  5.71533944e+00]
 [ 3.19949280e+00  6.19852032e+00  3.89837091e+00 -7.96981200e+00
   8.63237497e+00 -2.80861824e+00  4.37404171e+00 -4.76872341e+00
  -1.23235353e+01  6.64440511e+00]
 [ 5.12947511e+00  9.25484139e+00  3.19040999e+00 -8.90356753e+00
   8.69112587e+00 -2.96067987e+00  3.67420878e-01 -3.81169782e+00
  -1.18636886e+01  4.82113636e+00]
 [-9.00364743e+00  7.02495262e+00  4.25770565e-01  9.67765593e+00
  -1.04738054e+01 -5.28713497e+00 -6.45506463e+00  8.47384900e+00
  -9.31348518e+00  5.71336844e+00]
 [-7.21497923e+00  4.23305750e+00  1.90734669e+00  1.07780376e+01
  -1.03691975e+01 -5.44011911e+00 -1.10142748e+01  7.74618708e+00
  -6.99888281e+00  6.08554684e+00]
 [ 1.44287723e+00  1.70416703e+00 -3.10506686e+00 -7.48252300e+00
  -1.33475022e+00  9.18164884e+00 -2.58795931e+00 -1.17824488e+01
   6.99825970e+00  5.20124423e+00]
 [ 2.29698488e-01 -9.22067037e+00 -4.36619230e+00  3.53690813e+00
   9.28294039e+00  1.08632879e+00  1.33384108e+00  2.05004638e+00
   7.04161823e+00  5.15231807e+00]
 [ 5.41033860e+00 -5.16517134e+00 -3.90984142e+00  6.14108292e+00
  -9.27442996e+00 -2.76411599e+00  4.82395105e+00 -6.06852403e+00
   5.66589542e+00  2.45994995e+00]
 [ 3.79909289e+00  4.22906355e+00 -8.06630329e-01 -6.14055329e+00
  -9.60404958e-01  8.94019923e+00 -2.20096004e+00 -1.05871231e+01
   6.43368265e+00  6.01367369e+00]
 [ 9.31016655e+00 -5.96681520e+00 -5.17756125e+00  7.72472625e+00
  -7.14298749e+00 -4.20226593e+00  4.20420368e+00 -5.19468864e+00
   6.62595741e+00  2.12497581e+00]
 [ 4.86432644e+00  9.90116381e+00  4.67701948e+00 -9.09176571e+00
   8.74952211e+00  6.13990908e-02  1.08062246e+00 -5.15724135e+00
  -9.29439878e+00  6.20842753e+00]
 [-7.76525694e+00  3.14892940e+00  3.18027911e-01  4.73432667e+00
  -8.72834048e+00 -2.52742999e+00 -5.94197667e+00  9.68154087e+00
  -8.42004636e+00  8.19136427e+00]
 [ 2.11738059e+00  4.61090156e+00 -2.71647415e+00 -7.69883605e+00
  -1.37431685e+00  4.42140527e+00 -3.17375167e+00 -1.08148954e+01
   7.68495206e+00  6.96336729e+00]
 [ 5.49982745e+00 -4.49657178e+00 -1.56363967e+00  5.53727789e+00
  -8.10162111e+00 -1.84724223e+00  4.47286878e+00 -5.08765372e+00
   7.81689057e+00  2.79726034e+00]
 [-7.29083420e+00  4.73355505e+00  1.92749533e+00  8.11377892e+00
  -1.05648126e+01 -7.42546732e+00 -1.23738887e+01  8.59401236e+00
  -1.12437614e+01  6.36322464e+00]
 [ 4.03098262e+00  7.97325293e+00  4.35389068e+00 -7.83051137e+00
   5.59072353e+00 -4.96740683e+00  8.88091525e-02 -5.28139726e+00
  -9.58595444e+00  6.30291622e+00]
 [ 4.55087636e+00 -7.53575908e+00 -6.18992987e+00  3.35530079e+00
   8.77184331e+00  5.56474135e-01 -2.10217913e-01  1.65819327e+00
   7.03835922e+00  3.54369248e+00]
 [ 7.28927694e+00 -6.09945328e+00 -5.72536971e-01  5.93523026e+00
  -7.68352295e+00 -4.66817237e+00  6.81597755e+00 -3.06262528e+00
   4.56557430e+00  2.12641529e+00]
 [-7.70069994e+00  6.65037301e+00 -1.47486578e-01  8.81532795e+00
  -1.00268724e+01 -6.36225025e+00 -9.17703114e+00  9.42807653e+00
  -8.16435945e+00  6.18918076e+00]
 [ 3.86332681e+00  8.93203154e+00  4.03435293e+00 -6.75316080e+00
   6.36057527e+00 -4.12584318e+00  2.96653159e+00 -2.97541488e+00
  -8.25943070e+00  3.42655788e+00]
 [ 8.31171944e+00 -5.61064670e+00 -5.20036626e+00  7.50023168e+00
  -9.56917386e+00 -2.94996401e+00  1.73457809e+00 -6.01860487e+00
   4.47173251e+00  2.33514116e+00]
 [ 6.32297037e+00  9.29151559e+00  3.98305898e+00 -7.57733246e+00
   1.01955762e+01 -2.41788011e+00  2.37375065e+00 -1.46593150e+00
  -8.85213340e+00  5.91876981e+00]
 [-9.31166006e+00  6.38051541e+00  2.36363305e+00  9.40437336e+00
  -1.03970145e+01 -2.07118905e+00 -1.05418830e+01  1.09319299e+01
  -7.64202842e+00  5.88244845e+00]
 [-9.27648182e+00  3.74672536e+00 -7.02088223e-01  6.29930016e+00
  -7.74313967e+00 -4.31877328e+00 -1.13920282e+01  6.55995803e+00
  -8.00706052e+00  5.84675779e+00]
 [-7.27570447e+00  3.34446316e+00  1.17822443e+00  9.34715430e+00
  -6.40220435e+00 -7.37360110e+00 -6.57042198e+00  1.05475223e+01
  -8.36047981e+00  6.59779357e+00]
 [ 3.54294952e+00 -5.08967677e+00 -3.46571580e+00  2.76430194e+00
   7.38391872e+00  2.44008145e+00  2.14563046e+00  2.62506452e+00
   9.41368990e+00  1.31440738e+00]
 [ 3.24323870e+00  3.26813701e+00  8.18390554e-02 -9.38565416e+00
  -1.66643192e+00  8.01043591e+00 -4.26569691e+00 -7.74544836e+00
   8.61592520e+00  5.10987172e+00]
 [-4.53817719e+00  6.81093530e+00  1.17626838e+00  9.51592482e+00
  -8.16264771e+00 -6.02003650e+00 -9.99015734e+00  8.00330673e+00
  -7.46952057e+00  8.53014979e+00]
 [-8.91860518e+00  4.37521667e+00  1.03590159e+00  9.03542620e+00
  -7.52454471e+00 -5.53570783e+00 -1.21822579e+01  9.48066488e+00
  -7.08472958e+00  9.41419055e+00]
 [ 4.66509644e+00 -6.61952311e+00 -5.76747544e+00  3.11610437e+00
   8.43371068e+00  3.37406606e+00 -6.01792398e-01  2.37255340e+00
   7.58165918e+00  1.62739968e-01]
 [ 7.70389587e+00 -6.48707024e+00 -3.65880203e+00  2.79070382e+00
  -9.42093152e+00 -5.09893333e+00  4.65188370e+00 -5.45305517e+00
   5.59418768e+00  3.27756386e+00]
 [ 4.94752990e+00  3.25438387e+00 -3.27432594e+00 -7.19750418e+00
   1.28458616e+00  8.02528818e+00 -1.26196040e+00 -9.84420931e+00
   6.41257686e+00  7.18660606e+00]
 [ 4.74827031e+00 -4.86245299e+00 -3.37091161e+00  2.09196831e+00
   7.65095333e+00  1.89470015e+00  1.52035423e+00  2.84548366e+00
   1.07748046e+01  4.94340449e+00]
 [ 4.06518369e+00  2.55176672e+00 -1.75137750e+00 -3.92330127e+00
  -3.91992797e+00  8.60782712e+00 -3.66351507e+00 -1.05961066e+01
   9.37801063e+00  5.79587489e+00]
 [ 6.19437753e+00 -6.93978506e+00 -4.42107514e+00  6.64904654e+00
  -8.65956648e+00 -1.38870832e+00  3.00506001e+00 -6.16149396e+00
   6.89710562e+00  1.94650161e+00]
 [ 2.78385722e+00  2.69955427e+00 -1.93103626e+00 -7.20692570e+00
  -2.67116639e+00  8.66515069e+00 -6.22347850e-01 -9.35758671e+00
   6.18601545e+00  8.02434594e+00]
 [ 3.45709915e+00 -6.26959162e+00 -3.02777942e+00  1.89241136e+00
   8.41711562e+00  4.13118846e+00  9.00102502e-01  4.07097600e+00
   8.16944024e+00  3.66715239e+00]
 [-1.03813541e+01  4.77884336e+00  2.98755706e+00  8.11500216e+00
  -1.12855608e+01 -4.55972184e+00 -1.09344215e+01  7.90394620e+00
  -1.03555806e+01  5.85774261e+00]]
[1 0 1 1 1 2 4 3 3 2 2 4 3 3 4 4 3 1 2 1 1 0 0 3 1 2 2 0 2 0 1 0 1 2 3 0 3
 0 2 3 1 3 1 1 2 2 0 2 0 0 4 0 4 4 3 4 2 3 3 1 4 0 3 3 3 4 4 2 1 0 2 0 3 4
 2 0 4 3 1 0 4 3 0 3 4 4 4 1 2 4 4 1 0 2 1 2 0 2 1 4]